 Atom          I          II         III          IV           V          VI         VII        VIII          IX
 H            39           0           0           0           0           0           0           0           0
 He          113          82           0           0           0           0           0           0           0
 Li            0           0           0           0           0           0           0           0           0
 Be            0           0           0           0           0           0           0           0           0
 B             0           0           0           0           0           0           0           0           0
 C          1330       11005        4406         229          57           0           0           0           0
 N          2142         747       16458        4401         229          57           0           0           0
 O         18315       39207       24506       17933        4336         231           0           0           0
 F           853         607         409         198         144          16           0           0           0
 Ne          584        2564         857        4470        2664        1912           0           0           0
 Na           84         255        1040          34          53          45           0           0           0
 Mg          432        3371        2457        3669        3439         305           0           0           0
 Al           99         924         273        2523       18317         153           0           0           0
 Si         1363        4560        4044         245        3096        3889           0           0           0
 P           560         405         139          87         245        1096           0           0           0
 S           281       27767         190          70         903         142        1031           0           0
 Cl         1085         705         432         132          73          74           0           0           0
 Ar          870        1967         398         150        3007        1335        2198         111           0
 K           156          63         188          65         138          16           0           0           0
 Ca          643        3067         636       20030       28685          19           0           0           0
 Sc            0           0           0           0           0           0           0           0           0
 Ti         2801       56681        8599          48           4           0           0           0           0
 V          3328        2385         976         560          18           0           0           0           0
 Cr         4105      221932      134687       60264          88        5955           0           0           0
 Mn         2085      227761      175593      131821       61790          87           0           0           0
 Fe         3770      227548      199484      172902      124157       60458       10123        4777           0
 Co         2329      189858      200637      146252      182780      124053       50270           0           0
 Ni         1734      129790      131508      183267      179921      186055      123386       43778           0
 Cu          166        1133         490       17466       30457       10849           0           0           0
 Zn           16           2        1194           0           0           0           0           0           0
